-1 -1
1 1
1 1
1 2
1 1
1 1
1 1
1 1
1 1
1 1
1 1
1 1
-1 -1
1 1
1 1
1 1
1 1
1 1
1 1
1 1
1 1
1 1
1 1
-1 -1
-1 -1
-1 -1
-1 -1
-1 -1
-1 -1
-1 -1
-1 -1
1 1
1 1
1 1
-1 -1
-1 -1
-1 -1
-1 -1
-1 -1
-1 -1
-1 -1
-1 -1
-1 -1
-1 -1
-1 -1
-1 -1
-1 -1
-1 -1
-1 -1
-1 -1
-1 -1
-1 -1
-1 -1
-1 -1
-1 -1
-1 -1
-1 -1
-1 -1
-1 -1
-1 -1
-1 -1
-1 -1
-1 -1
-1 -1
-1 -1
-1 -1
-1 -1
-1 -1
-1 -1
-1 -1
-1 -1
-1 -1
-1 -1
-1 -1
1 1
1 1
1 1
1 1
-1 -1
-1 -1
-1 -1
-1 -1
-1 -1
-1 -1
-1 -1
-1 -1
-1 -1
-1 -1
-1 -1
-1 -1
-1 -1
-1 -1
-1 -1
-1 -1
-1 -1
-1 -1
-1 -1
-1 -1
-1 -1
-1 -1
-1 -1
-1 -1
-1 -1
-1 -1
-1 -1
1 2
1 1
1 1
1 1
1 1
1 2
1 1
1 2
1 2
1 1
1 3
1 3
1 1
1 4
1 4
1 3
1 1
1 3
1 3
1 1
1 1
1 1
1 1
1 1
1 1
1 1
1 1
1 1
-1 -1
-1 -1
-1 -1
1 1
1 1
1 1
1 1
1 1
1 1
-1 -1
-1 -1
-1 -1
-1 -1
-1 -1
-1 -1
-1 -1
-1 -1
-1 -1
1 1
1 1
1 1
1 1
1 1
1 3
1 3
1 3
1 3
1 3
1 4
1 1
1 3
1 4
1 3
1 4
1 4
1 5
1 1
1 4
1 3
1 1
1 1
1 1
1 1
1 3
1 3
1 3
1 1
1 1
1 1
1 3
1 3
1 1
1 1
1 1
1 5
1 1
1 1
1 1
1 1
1 1
1 5
1 6
1 4
1 1
1 7
1 1
1 6
1 5
1 7
1 1
1 7
1 1
1 5
1 6
1 4
1 1
1 6
1 1
1 1
1 7
1 1
1 1
1 1
1 1
1 1
1 1
1 1
1 1
1 1
1 7
1 1
1 1
1 4
1 6
1 5
1 1
1 5
1 1
1 5
1 1
1 1
1 5
1 1
1 1
1 5
1 4
1 1
1 7
1 1
1 7
1 7
1 7
1 1
1 7
1 7
1 1
1 7
1 7
1 1
1 5
1 1
1 5
1 1
1 1
1 5
1 1
1 5
1 5
1 1
1 7
1 1
1 4
1 5
1 1
1 5
1 1
1 5
1 3
1 1
1 1
1 5
1 3
1 4
1 1
1 1
1 1
1 1
1 3
1 3
1 3
1 3
1 4
1 4
1 1
1 4
1 1
1 1
1 4
1 4
1 1
1 1
1 1
1 1
1 3
1 1
1 3
1 1
1 3
1 3
1 1
1 3
1 3
1 2
1 1
1 1
1 2
1 1
1 1
1 1
1 1
1 1
1 1
1 1
1 2
1 1
1 2
1 1
1 1
1 2
1 1
1 2
1 2
1 2
1 1
1 1
1 1
1 1
1 2
1 1
1 1
1 2
1 2
1 2
1 2
1 1
1 1
1 1
1 1
1 1
1 2
1 1
1 2
1 1
1 1
1 1
1 1
1 2
1 2
1 1
1 2
1 1
1 1
1 1
1 2
1 1
1 3
1 4
1 3
1 1
1 1
1 3
1 3
1 3
1 1
1 2
1 1
1 1
1 3
1 1
1 1
-1 -1
-1 -1
-1 -1
-1 -1
-1 -1
-1 -1
-1 -1
-1 -1
-1 -1
-1 -1
-1 -1
-1 -1
-1 -1
1 1
1 1
1 1
1 1
1 1
1 2
1 1
1 1
1 1
1 1
1 1
1 1
1 1
1 1
1 1
1 1
1 1
-1 -1
-1 -1
-1 -1
-1 -1
-1 -1
-1 -1
1 1
1 1
-1 -1
-1 -1
-1 -1
-1 -1
-1 -1
-1 -1
-1 -1
1 1
1 1
1 1
1 1
-1 -1
-1 -1
-1 -1
-1 -1
-1 -1
-1 -1
-1 -1
-1 -1
-1 -1
-1 -1
-1 -1
-1 -1
-1 -1
1 1
1 1
1 2
1 1
1 1
1 3
1 3
1 1
1 3
1 3
1 3
1 1
1 1
1 2
1 2
1 1
1 1
1 2
1 1
1 3
1 1
1 3
1 1
1 2
1 1
1 2
1 2
1 2
1 2
1 3
1 1
1 3
1 4
1 1
1 3
1 4
1 1
1 5
1 5
1 5
1 5
1 1
1 1
1 1
1 1
1 5
1 5
1 4
1 1
1 6
1 5
1 5
1 1
1 1
1 5
1 1
1 1
1 5
1 1
1 3
1 3
1 1
1 1
1 4
1 3
1 4
1 1
1 3
1 4
1 1
1 3
1 1
1 3
1 3
1 1
1 3
1 3
1 3
1 1
1 3
1 3
1 1
1 1
1 1
1 4
1 1
1 5
1 1
1 1
1 1
1 1
1 5
1 1
1 2
1 1
1 2
1 1
1 2
1 1
1 1
1 1
-1 -1
-1 -1
-1 -1
-1 -1
-1 -1
1 1
1 1
1 3
1 1
1 1
1 2
1 1
1 1
1 2
1 1
1 1
1 3
1 3
1 1
1 3
1 3
1 3
1 3
1 1
1 3
1 4
1 1
1 1
1 4
1 4
1 3
1 4
1 1
1 5
1 5
1 5
1 10
1 12
4 8
1 1
2 9
1 1
3 12
2 9
3 12
4 8
4 4
2 9
4 8
3 12
2 18
1 21
2 12
1 1
1 1
1 1
4 6
1 1
2 12
1 1
3 10
1 28
1 1
3 10
2 12
1 28
1 1
1 1
1 1
1 1
4 6
1 1
1 1
1 1
1 1
3 10
3 10
1 1
3 10
4 6
1 28
1 28
1 1
1 1
1 28
2 12
2 12
1 28
1 28
4 6
3 16
1 1
1 1
2 4
1 37
3 12
1 36
4 6
3 15
2 13
3 19
1 1
1 1
1 1
3 15
3 1
1 37
4 8
1 1
1 33
4 14
9 4
1 20
7 3
1 20
1 33
4 13
2 18
2 23
1 1
1 33
4 13
3 23
3 20
1 1
9 1
1 42
1 20
1 32
4 15
1 1
1 1
4 15
1 1
2 35
3 33
4 15
4 15
3 33
1 1
2 35
1 1
1 1
9 3
3 33
1 1
4 15
1 1
9 3
1 1
1 1
1 51
1 1
1 49
1 41
2 40
8 1
9 2
8 1
2 11
1 27
1 1
1 1
2 40
1 1
4 11
4 11
3 29
1 1
1 1
2 40
1 1
1 1
4 6
1 56
1 56
2 40
3 29
1 56
3 29
3 29
1 1
2 36
1 44
6 2
4 6
6 3
1 69
1 1
5 3
1 34
2 9
1 68
4 9
1 1
1 1
2 52
3 24
3 28
3 22
1 79
1 80
2 14
1 1
3 32
2 53
1 1
1 1
1 1
2 10
3 24
2 45
1 79
1 1
2 20
2 43
3 16
1 1
1 53
1 79
3 22
3 24
2 57
1 44
1 1
6 11
1 1
1 1
1 1
1 1
2 57
1 1
1 1
4 4
1 100
2 37
2 43
4 6
1 66
4 8
2 57
2 57
3 33
1 1
9 2
5 10
4 8
1 93
2 49
2 8
3 14
1 49
2 57
1 1
1 102
5 2
1 92
5 6
3 13
1 1
2 58
1 1
1 1
1 1
1 54
2 67
1 1
1 54
2 33
3 48
4 22
1 1
2 33
3 46
1 1
1 1
1 1
2 62
1 1
6 3
6 3
1 1
5 1
4 10
4 19
4 19
5 10
1 1
3 9
1 1
3 43
6 3
7 1
1 1
1 103
2 61
3 9
5 13
4 14
2 66
1 1
1 1
4 18
3 14
2 70
1 121
2 5
1 107
1 115
1 1
5 9
3 47
1 1
1 1
2 71
5 9
1 134
1 1
1 134
4 18
1 1
5 17
8 8
1 1
5 17
5 22
2 86
1 1
8 9
1 132
8 3
3 66
7 11
1 1
8 9
3 20
8 1
3 56
8 9
1 1
1 164
2 99
7 11
2 99
5 25
4 35
2 99
3 20
1 164
3 72
1 1
6 12
4 29
8 7
5 27
3 56
1 1
1 1
1 1
3 78
4 11
1 144
4 39
1 1
2 105
1 112
2 48
1 1
1 1
1 1
3 80
3 24
3 80
6 16
1 1
4 41
1 1
1 1
1 1
7 16
1 1
3 78
1 1
8 6
1 1
5 31
4 51
2 107
2 54
1 1
3 88
3 64
4 32
2 116
1 90
9 11
1 1
1 174
9 10
2 82
7 14
2 115
2 119
1 122
2 119
1 92
4 53
3 68
7 28
1 1
4 53
2 123
1 1
7 19
3 1
6 16
8 4
3 94
1 1
7 24
1 1
1 191
1 1
1 1
5 31
1 1
1 1
5 31
5 31
1 1
1 1
1 191
1 1
3 93
2 28
4 36
3 100
1 1
6 18
4 42
1 1
7 11
1 1
1 217
7 8
6 15
4 39
1 1
7 8
1 1
5 25
5 25
5 25
1 1
1 1
1 1
1 1
1 217
1 1
5 25
1 146
7 4
4 24
1 1
1 1
3 104
1 148
4 20
6 11
1 1
4 35
1 1
2 39
2 151
1 1
9 2
6 10
3 99
1 167
1 1
1 224
8 2
1 196
1 1
1 1
1 224
1 1
1 1
1 224
6 10
1 226
1 230
1 184
1 1
3 109
3 105
1 1
4 37
1 1
1 230
6 6
1 1
1 1
2 159
2 165
2 44
9 6
1 1
3 85
1 263
1 257
1 267
2 181
2 132
5 32
4 37
3 139
3 135
9 6
9 6
2 185
1 266
2 182
3 7
3 106
1 252
1 1
6 15
1 1
1 1
3 139
6 15
2 138
3 148
1 1
3 7
4 77
2 200
6 24
5 35
4 69
1 1
3 12
3 157
1 1
6 28
1 305
1 1
4 90
1 317
1 1
2 228
3 19
1 1
2 193
1 213
1 1
3 178
4 83
1 1
6 15
3 167
2 176
5 39
3 141
7 2
3 21
3 181
1 1
6 26
1 1
4 91
1 1
1 1
4 91
7 3
4 91
1 1
6 25
1 1
2 241
6 16
3 180
1 174
2 247
1 1
3 185
6 19
3 12
1 1
5 42
1 1
8 6
4 73
3 179
3 10
2 236
1 1
3 65
5 30
5 32
1 1
4 55
2 236
2 72
1 1
5 22
1 344
1 418
1 1
1 1
5 160
3 327
1 263
8 201
1 1
10 213
6 230
12 75
34 63
45 33
5 243
14 18
8 209
45 50
1 563
10 200
12 62
4 35
5 93
6 94
2 534
1 1
45 128
41 126
1 1
1 1
1 1
1 1
14 130
4 369
1 636
2 534
1 1
1 1
1 636
1 1
11 26
3 470
3 470
1 1
2 581
1 314
15 197
1 1
1 1
1 1
1 1
1 1
4 419
46 129
1 1
25 75
9 323
1 686
1 1
9 93
25 73
16 124
1 1
1 1
22 75
4 392
4 282
1 1
3 497
2 585
4 420
31 30
2 442
39 1
31 235
7 276
13 301
3 697
6 108
61 113
47 179
51 65
49 44
32 214
1 1
42 138
1 487
67 266
81 16
29 286
1 1
13 509
1 1
38 403
15 591
24 137
1 1171
1 1
80 13
47 230
14 566
72 104
1 1
1 1259
37 364
1 1
16 428
56 153
10 469
58 181
5 1005
18 253
58 326
1 1
1 1
16 808
53 235
6 805
1 1
65 302
93 86
11 476
4 1064
3 522
21 711
38 486
1 1
38 43
63 348
94 92
1 1
56 291
1 1
23 730
17 784
58 291
1 1
30 599
19 731
6 1156
3 575
1 1
68 287
52 54
25 163
26 622
6 1156
13 935
26 618
1 1
17 419
1 1
70 203
4 1245
37 512
26 275
58 295
8 388
30 609
5 1067
13 209
31 490
58 181
1 1
32 478
40 292
15 252
26 772
98 39
71 89
1 1
38 441
49 312
98 73
32 639
14 983
12 747
14 253
50 292
21 883
1 1
62 301
1 1
1 1
35 437
49 353
23 912
51 237
26 805
8 493
14 566
1 1
60 331
65 77
26 918
6 1518
89 120
31 700
1 1
1 1
1 1864
38 283
37 740
8 600
95 11
51 302
1 1
1 1
12 1477
15 343
77 87
46 473
17 210
12 434
71 172
1 1
5 1757
1 1
54 472
1 1
87 145
9 1581
33 968
10 1967
17 1533
9 770
16 1499
60 516
42 847
58 601
23 1096
86 203
27 1372
86 80
49 687
1 1
43 454
65 370
17 1591
78 210
3 2138
61 208
26 1396
71 382
17 1591
80 226
79 209
7 1902
38 586
35 998
55 570
70 492
1 1
1 1
13 1845
1 1
1 1
38 1016
6 2138
19 817
89 25
30 135
6 2164
31 1301
1 1
19 391
31 1300
32 1087
5 2121
32 1262
5 2206
36 1083
92 69
11 2180
1 1
1 1
74 322
1 1
37 1165
1 1
4 1014
1 1
23 1706
13 1994
39 1007
32 1281
12 1960
38 442
32 489
51 267
1 1
4 1042
24 1627
1 1
17 1832
1 1
43 983
64 652
42 1033
26 749
55 859
68 505
74 105
1 1
57 663
5 2328
53 503
30 1334
33 1312
13 2197
1 1
1 1
23 491
72 199
1 1
73 102
72 202
6 2487
3 2714
1 1
1 2880
61 573
2 2778
71 210
21 1965
60 630
64 493
1 1
1 1
61 573
1 1
61 573
67 154
1 1
2 2658
6 1064
27 1024
1 1
33 1340
33 1028
4 1151
24 1605
21 1250
58 637
5 2584
1 1
69 320
63 544
45 577
23 2086
47 587
68 441
40 1289
1 1
48 722
19 1134
29 1818
25 1917
10 1641
58 670
11 2550
43 1041
25 1916
52 970
9 2664
1 1
69 418
28 1910
1 3170
1 1
42 1178
39 1346
33 1608
1 1
46 1112
27 1857
45 1084
35 1349
59 760
55 411
3 1402
71 297
40 1218
52 1023
21 2228
40 713
1 1
54 848
2 3044
3 3004
3 3004
34 1465
6 1714
1 1
1 1
1 1
2 1999
67 259
58 684
1 1
1 1
25 1823
1 1
12 2384
28 1861
63 476
1 1
3 3097
29 1216
13 2455
41 564
1 1
9 2830
1 1
21 2227
1 1
37 1496
24 1315
1 1
65 396
37 1500
2 2499
23 2181
43 1111
68 280
16 2631
9 1854
32 1820
1 1
9 2933
55 970
42 1366
80 61
55 970
42 244
67 421
15 1468
50 1119
27 2119
55 972
73 3
1 1
33 1739
1 1
44 13
1 1
39 1422
67 284
7 3005
1 1
2 3332
47 956
15 2310
61 363
1 1
51 63
56 779
52 717
13 2655
25 2115
39 576
13 913
67 284
1 1
43 1264
1 1
1 1
1 1
6 3216
11 3002
1 1
1 3628
18 2232
1 1
30 2098
1 1
30 2108
27 394
47 1353
69 65
1 1
42 1323
46 427
3 3543
1 1
17 1782
25 438
33 1941
1 1
37 900
50 1268
49 1358
39 1400
52 1028
28 1779
27 393
61 546
4 3392
16 2881
3 3601
3 3639
43 1319
15 1921
59 697
1 1
56 854
17 2444
22 2230
19 2655
47 1364
28 2234
10 2634
1 1
68 160
13 2518
31 2098
26 371
47 1228
12 2972
22 2134
9 2312
42 1504
1 1
47 1366
55 875
63 372
34 1898
1 1
35 1805
70 79
53 1029
20 778
1 1
33 2011
40 721
55 947
29 1305
10 3274
1 1
10 3274
8 1405
68 182
59 670
5 1562
1 1
50 1307
32 2129
1 1
61 525
11 3197
61 526
42 1592
6 1545
70 50
63 465
1 1
29 2102
1 1
9 2986
1 1
27 1036
93 26
33 1410
58 834
1 1
1 1
26 2477
1 1
99 33
61 673
37 1995
72 64
23 2718
6 3539
5 3624
19 2613
4 3871
17 3029
13 1100
69 73
55 1063
24 1906
55 1049
33 1613
59 818
1 1
32 3058
1 1
12 4061
22 3962
697 1111
633 155
92 1157
1 1
230 1003
665 1068
58 1976
32 3738
1 1
1 1
1 1
50 2917
1 1
4 5322
1 1
1 1
695 1149
410 865
53 3023
21 4609
1 1
261 2697
45 4268
650 1015
9 6301
280 2706
881 551
23 5428
62 3503
698 1584
1 1
623 250
318 2594
270 1521
1 1
28 5343
333 2599
277 2208
87 2387
150 2111
1 1
642 472
43 3997
9 5934
180 2293
209 222
110 1460
9 6070
1 1
16 5958
1 1
139 432
214 2758
1 1
1 1
317 1521
93 2058
55 3837
59 277
65 3655
1 1
99 3194
78 3277
459 762
138 2674
300 196
474 1103
1 1
58 4100
57 325
1 1
1 1
27 6055
436 1059
1 1
30 6654
223 3370
327 2052
5 7910
333 396
302 1878
260 3236
87 17
18 7252
289 2061
1 1
64 4074
258 1379
32 6701
28 6862
239 2007
1 1
550 907
37 7066
285 716
404 1741
464 1469
238 4866
736 1193
283 379
1 1
165 4969
1 1
58 6701
1 1
10 9354
60 6597
43 7505
1 1
1 1
451 1744
25 8989
76 5673
94 2384
587 863
1 1
61 7128
586 854
271 3457
140 5274
27 8934
77 6490
758 21
1 1
27 9254
68 7073
1 1
90 6545
1 1
50 8256
34 8884
1 1
70 6940
42 8541
1 1
95 6502
65 7266
205 4011
45 2428
135 3537
547 964
21 9688
319 3288
1 1
575 90
99 2639
106 5322
38 8828
1 1
80 1160
49 8426
28 9316
1 1
1 1
230 5421
162 5926
146 4890
1 1
367 2337
288 4441
31 10828
729 1699
351 3145
139 1025
1 1
230 6305
158 6800
79 1302
418 2350
738 686
246 6114
107 4134
247 6282
1 1
46 9020
283 4742
59 9355
1 1
1 1
437 2258
1 1
1 1
397 2298
1 1
484 531
556 1305
334 3565
62 9362
30 4232
289 302
417 2796
1 1
67 9504
449 2171
135 8067
320 343
72 9510
186 328
1 1
475 2280
63 2817
54 10521
166 7361
1 1
1 1
65 9875
361 2257
651 616
102 8111
1 1
354 2492
476 1659
32 11697
1 1
592 81
1 1
281 4451
188 6772
166 5844
463 1335
652 105
15 5429
61 9551
62 9472
285 4163
92 5488
587 437
476 1112
82 3440
439 1019
1 1
43 11616
30 12376
4 13838
1 1
398 2515
1 1
1 1
1 1
247 7192
588 438
1 1
1 1
77 8737
1 1
273 5917
32 12254
1 1
1 1
67 9790
317 4440
60 10256
1 1
70 9665
247 7282
54 11168
1 1
1 1
466 1574
424 1725
1 1
202 613
18 13813
786 765
346 3379
314 4454
89 9273
566 899
1 1
767 560
1 1
476 1594
30 13168
148 8199
1 1
64 10731
24 5338
322 5332
155 8664
462 2063
783 645
1 1
52 11920
44 12309
330 3788
497 914
53 12548
158 942
1 1
71 10945
21 14200
142 9088
233 4460
36 10625
83 8779
36 13420
47 12945
280 6431
29 8343
119 9539
530 335
12 14719
1 1
55 12912
1 1
307 5110
218 9072
278 6881
1 1
7 15596
1 1
398 3443
448 1425
289 6579
266 7781
284 6584
1 1
75 11338
472 294
6 15639
323 6409
59 12942
1 1
489 717
23 15359
1 1
25 15163
327 7711
52 14702
1 1
269 485
221 1629
16 17136
100 9665
4 17888
1 1
1 1
65 15173
1 1
4 19193
1 1
2 19433
164 2816
326 8452
24 12100
53 17997
693 242
210 13334
20 14725
467 2793
1 1
25 20050
58 17845
869 17
459 3531
585 714
67 17366
1 1
454 3494
47 19195
578 1292
2 18435
279 4146
24 20637
141 16443
452 4924
245 9417
734 167
63 18237
893 487
16 9734
112 16462
519 1935
38 20177
178 14674
207 14291
18 21147
277 4170
601 164
673 157
104 9131
1 1
819 195
371 4680
27 21906
166 15302
1 1
334 8596
1 1
58 19131
1 1
499 2384
65 18751
1 1
1 1
1 1
1 1
22 22420
1 1
1 1
32 21895
6 23411
1 1
53 19989
3 23696
1 1
64 18816
60 19027
2 23760
1 1
1 1
249 13919
1 1
1 1
75 18330
1 1
1 1
39 20659
68 18569
1 1
62 18890
53 19989
1 1
1 1
23 10068
230 6414
90 17435
1 1
25 22894
50 21073
29 10053
157 16415
11 23882
543 3075
362 1266
132 5203
8 21993
288 7581
579 1656
161 16417
288 11885
1 1
242 15352
501 165
347 7352
1 1
285 13653
1 1
1 1
370 8247
55 21550
20 24170
1 1
1 1
1 1
571 3272
43 22986
285 14515
465 5403
301 12360
156 4466
406 8255
1 1
32 24404
602 1275
170 17690
88 19636
1 1
272 15711
268 10056
283 14813
567 852
189 3871
56 22472
334 11009
1 1
47 9706
174 8919
87 20617
1 1
862 848
285 14492
120 15584
259 6258
150 19334
65 22216
128 6132
21 11747
390 3850
38 19541
200 7696
476 879
534 5439
464 6463
546 3065
724 1101
1 1
707 2826
243 17645
1 1
1 1
6 28507
141 6500
429 6562
334 11401
685 2362
1 1
322 12868
150 20050
42 26725
482 1153
39 27683
165 19644
380 8343
144 21148
61 10169
60 26050
86 23554
1 1
90 21447
1 1
1 1
104 6599
1 1
454 3933
323 12324
174 19287
69 25374
153 18443
476 4296
216 1035
247 390
330 10051
40 27854
1 1
105 6411
68 25668
59 26310
1 1
1 1
1 1
191 17324
1 1
1 1
1 1
1 1
1 1
6 31819
1 1
90 23996
1 1
38 28518
62 26624
1 1
478 2589
1 1
86 13502
56 27381
552 1956
1 1
285 14042
517 2595
266 16636
39 29488
1 1
36 28859
703 70
459 5306
437 6636
283 12348
222 17172
28 30436
193 13302
648 363
27 30901
336 5328
53 25690
42 28575
56 29831
1 1
153 5229
189 3652
21 36438
1 39132
1 1
543 8444
1 39133
1 1
282 20992
1 39133
1 1
9 15588
72 32303
22 36434
1 1
29 16418
543 10693
109 33492
222 2996
33 16146
1 1
651 10209
326 6606
550 7828
173 32622
55 40409
1 1
453 11415
184 6879
1 1
89 27453
230 27800
1 1
69 38855
229 32359
1 1
1290 1242
1 1
405 22480
825 9695
1347 11074
30 51552
483 17994
1688 11237
487 16407
413 21262
561 16464
1 1
72 52057
521 17731
570 20635
646 19131
886 14782
198 41207
1912 13262
1 1
2637 8832
10 56945
174 45891
1 1
427 25378
588 20372
243 23141
1 1
52 57588
2630 8809
182 46604
331 17311
1793 8454
1 1
1493 16148
3315 3300
512 25985
38 58384
1 1
248 48822
404 31049
70 60547
3119 621
3441 299
195 45564
1 1
580 28804
323 44111
14 51007
305 13770
54 66780
1 1
347 46314
18 69432
396 44392
24 31831
1 1
506 585
1 1
903 30691
2976 12418
18 73159
1 1
1 1
1 1
1 1
605 15097
347 54228
1 1
17 77393
2829 15294
499 4729
70 74148
438 47459
1 1
1910 30703
1347 24003
321 61966
870 35526
3618 5801
1 1
22 82482
4232 1517
1 1
329 60897
2657 2380
470 52221
247 70165
1 1
482 51210
721 39174
1 1
1 1
1 1
1 1
370 61415
1 1
397 60431
431 63302
43 99114
432 59665
724 54775
1 1
153 89982
2383 2071
1186 51601
1 1
2792 10566
1 1
1361 5403
3886 5377
1912 34067
780 54885
2933 7136
282 83826
37 101131
984 2427
1 1
3369 3809
752 54841
3 104639
165 91199
1218 44759
736 2725
499 67191
1 1
1 1
1037 18504
2487 7795
29 110312
1602 39208
165 41552
166 98847
1 1
55 111259
1 1
876 28829
154 102891
71 109645
314 33801
283 94533
1 1
70 112602
415 81824
453 80676
1 1
1232 50530
364 88227
1981 22597
579 73164
247 99793
336 90698
330 95623
1 1
4843 1730
1067 59353
904 49418
287 74523
633 76758
475 89455
438 91784
101 121128
567 81295
2413 20884
173 118082
2810 1747
323 107141
431 96687
2253 23061
1602 47975
1010 47284
658 74698
335 100076
1 1
1600 47968
1134 64281
70 141192
1 1
2631 19732
3038 12324
568 93613
1 1
1352 2835
1784 25101
994 52267
134 130585
1 1
2295 26793
1198 38877
1 1
1 1
1900 42226
97 138938
588 94190
2380 22313
2509 18624
1 1
370 112480
898 74334
2323 26974
801 72059
1 1
59 145985
1853 48083
654 78571
1700 1915
2531 755
736 72662
239 131606
1586 53450
1165 71966
70 149818
1539 49448
401 114667
1 1
294 124948
16 147412
913 4453
43 151955
2013 30527
1221 67447
2610 11234
16 154282
1805 47797
950 81766
553 106234
1 1
2414 25439
103 149170
2334 28754
1402 65928
1235 61780
921 55668
813 87380
2437 19771
1 1
384 109898
1 1
1 1
2779 1813
2338 27534
241 136360
1831 50804
1204 72461
1286 17650
1 1
3713 534
113 156574
16 164312
750 86981
1 1
34 164761
453 119157
490 60274
1456 65108
1780 39858
2603 14389
2547 22470
2417 19421
284 129082
493 52910
1 1
2191 31019
190 141843
579 113183
1 1
1133 87298
152 156093
289 138177
1 1
1 1
3979 3741
542 60427
3467 4493
3582 3292
2376 30501
2109 41573
2763 10187
2691 18275
55 173491
3391 4375
924 60541
432 119554
162 156582
39 179170
31 180423
272 54238
1 1
32 187893
1819 66013
1 1
567 124841
1 1
1 1
734 112793
884 58817
1 1
2546 29607
2499 17589
1368 74720
29 193046
1236 64847
861 9946
479 137621
1 1
53 191112
41 196617
1 1
181 170334
1039 42647
1135 101694
712 122026
475 141602
506 131458
1 1
1 1
81 191849
75 192625
227 61929
1 1
56 193688
1141 81277
12 202274
1625 67333
545 136101
1614 75140
1 1
362 152203
534 34705
480 139825
155 176187
1 1
62 193281
1728 59050
90 190653
2831 612
8 203250
485 139807
552 132932
32 203148
181 174721
2759 21519
2632 28734
1 1
530 70127
27 203325
2588 29318
436 145454
651 132027
500 70313
13 204075
586 134087
2631 28694
1187 98925
1 1
1832 38940
36 167371
1282 60596
397 151393
42 196919
1 1
1 1
512 139012
398 151096
1 1
2620 19676
1459 84515
1 1
1917 61420
2706 16497
1266 78680
2338 38708
2759 19511
531 35539
52 208013
2143 54833
1 1
2413 40088
657 29104
1324 92379
1373 20572
1 1
464 150703
440 42094
333 169527
1 1
385 165270
400 160261
612 129373
1 1
149 198143
1714 79922
1851 71495
366 145536
243 182038
1270 101690
1 1
81 213624
34 222001
1 1
1 1
1 1
9 224351
1319 97602
1 1
1 1
1 1
588 142132
1 1
891 121499
470 118464
2626 24455
2666 17721
187 190526
1 1
108 209745
1 1
1 1
370 169248
552 142943
1639 74093
1694 78018
1 1
2079 52165
1 1
1 1
282 185778
1 1
1073 124035
181 207801
1210 81180
1033 130128
1297 111504
283 192116
1 1
166 210437
800 69683
148 216787
1738 92222
490 134595
1028 83927
179 211262
1409 103646
540 159165
2637 26712
1291 114771
1 1
1203 113389
786 126907
1 1
719 143380
1819 84135
2740 15167
572 148820
1217 79503
3302 6076
1399 106365
685 142580
1147 118666
2132 47475
1724 92236
4075 1881
79 238679
1 1
511 168727
762 138031
915 12118
553 160394
1 1
1085 132730
478 175757
3043 6352
1044 8639
1 1
284 200313
2625 25357
96 238098
19 251539
152 186144
3843 2267
2916 11107
1 1
59 243216
1 1
780 135832
1 1
17 251655
47 244491
13 251837
1 1
3 253385
1742 93288
1 1
1 1
1 1
1 1
1 1
1 1
1 1
543 164393
734 127503
1459 109413
133 231982
1 1
10 256144
1454 109404
945 106075
1626 101274
1 1
1901 81914
2632 24654
395 178306
2863 7196
1 1
1084 136363
1361 103686
3158 2530
1818 89449
1 1
69 250176
920 143246
556 156228
1795 93759
2534 28296
33 266406
1 1
1 1
1 1
1 1
1 1
1795 98266
1 1
1 1
1298 135647
3253 5867
1761 105213
1 1
2376 45758
1 1
282 220774
1720 107780
2632 28833
1817 97728
1 1
54 265658
1059 85262
1642 101906
1 1
1012 20413
398 211587
1 1
260 229164
55 269040
849 20886
1 1
1 279169
1 1
101 263130
452 62965
273 226886
1 1
1917 86457
1 1
10 277228
662 39217
7 278092
1 1
585 184620
1323 88077
334 220578
63 270363
1 1
1298 134984
260 229163
1895 14622
26 137195
42 275597
1 1
367 77118
155 252571
1 1
283 230900
1 1
2110 66228
2384 45953
1 1
283 230900
174 251569
2542 35126
2333 45718
2446 33420
568 190138
49 277150
563 190197
457 206986
1 1
3403 2308
863 170534
2267 52776
77 282058
1176 149071
1 1
230 246158
1729 113466
18 292007
480 213535
270 92451
390 213378
2729 12210
67 282869
1 1
27 295229
32 295053
171 109845
1792 98695
31 295067
171 184288
562 45159
719 179150
11 297321
1 1
699 170321
1618 110159
1622 110333
1026 13035
1084 155423
595 92756
1053 161787
1872 79597
1822 91152
1231 121687
2730 8928
2536 11354
2013 37673
1288 137201
4201 1180
1315 131326
188 261443
1 1
37 300670
1421 27760
1 1
2110 67836
1742 111080
1 1
517 205349
1646 10726
780 172933
307 140954
1 1
322 242233
1285 38051
55 290870
149 271267
1 1
81 288424
734 181045
397 235374
974 65217
1 1
447 116773
1 1
1 1
77 289479
1 1
1787 109937
1738 117082
2814 8684
2553 32789
2563 32296
1132 143103
125 272704
833 163481
2923 8460
1142 150856
432 226481
229 253606
1 1
1 1
1874 91001
242 255172
1434 122211
182 266142
336 241843
384 238560
434 217447
2566 30894
3547 553
1562 116589
1312 34593
2916 3024
230 253663
1237 39517
790 165110
1289 137603
839 175518
355 240744
3 308772
588 199530
1 1
397 242843
1 1
369 243827
658 44789
39 312831
1813 111402
416 211303
1 1
500 219142
1168 154430
3007 2769
143 125017
2710 14840
2784 6649
1 1
73 300723
1397 143144
322 258386
2693 21095
12 329976
2322 65457
2541 50626
1 1
1485 106529
735 199834
354 261786
780 179101
1669 98844
421 247459
1400 153828
49 331681
442 250642
1 1
6 344187
47 340234
1037 201294
66 334565
3147 11409
2193 73992
445 85054
144 320729
721 224376
1 1
1842 116811
1 1
728 207201
994 87268
316 289023
1319 169238
1416 111184
711 211861
513 253727
3015 11575
60 344801
272 292272
1095 72585
50 350013
1867 60541
1358 44384
1 1
2181 81657
2269 74032
1024 207527
1515 26178
1 1
2954 16130
109 335694
330 286369
469 258422
1 1
64 350708
1 1
107 304601
2630 46165
13 363558
1 1
1918 101199
351 286487
3361 3807
1819 123714
1 1
748 97598
1 1
1178 180024
63 356339
163 324190
920 195257
927 217323
1 1
2414 62984
342 295090
817 213943
272 302944
1289 178364
3087 4546
1 1
54 360081
1108 197868
1759 91251
936 219423
1545 151511
2160 90287
1 1
1978 100731
175 328558
1741 138338
1105 202249
1684 148283
1 1
2000 106961
1539 157972
1402 176438
1 1
780 235220
1818 139165
3031 152
468 282271
2462 29979
2158 55362
310 310884
612 132771
947 234589
2959 5319
407 305872
1490 168070
2230 94432
3627 4139
2094 105434
1 1
1969 117256
59 180387
1110 210519
1 1
1 1
255 335760
2705 40370
456 288987
553 283721
3628 7451
1396 132224
2026 96774
1922 126007
395 321444
1 1
350 280602
2150 106504
169 360785
248 339889
996 105258
2708 50138
28 411261
337 315931
3781 1827
1 1
173 376004
1 1
1 1
94 400649
3235 22207
16 420034
1213 223457
2044 134450
1 1
398 334044
1 1
1 1
1 1
1 1
1907 151818
38 395358
1038 250797
2366 102723
1851 154419
3426 15565
798 59856
633 298151
3692 6332
1 1
20 422309
50 419109
3309 16454
2860 45201
2335 102584
1269 117686
1 1
615 303728
3173 13988
1 1
2684 22076
665 301952
83 415196
1915 151828
2365 107204
581 268844
1 1
1407 218134
532 229999
695 273894
572 313304
2044 144048
2359 108211
3423 891
2 438123
1674 189668
1267 220457
2994 2268
1395 1821
1374 110125
287 358777
1617 183862
1861 74994
2337 69243
1 1
269 366572
99 416072
1154 22285
2533 97259
1 1
1 1
230 378210
737 291543
4036 8381
289 364265
3804 10506
357 354120
4802 1998
550 318241
27 441234
1793 186224
2542 95597
1 1
304 323702
1177 156177
1 1
58 429682
77 426328
266 326962
3920 10240
1213 241297
1058 264164
3762 10398
2256 119032
1 1
209 236175
807 143218
889 291406
830 294311
538 326904
2838 57879
2132 145142
1677 144709
1596 203807
3104 36355
223 368619
1 1
1 1
1213 250462
2648 78537
2698 13043
1591 50208
2710 63507
1851 171713
260 383050
1 1
1943 157151
1 1
1513 58975
1210 246288
1236 242171
3361 18954
1022 276336
3632 10659
155 408385
3777 1824
4 457018
1313 236952
1022 275982
3221 29247
2086 139095
1 1
4 458024
2255 128352
1012 279516
1 1
1893 157688
2723 54839
1835 174694
359 215137
3152 30550
2419 101015
491 342407
192 340610
1814 146395
2850 48545
1976 150066
1474 216983
465 115085
1544 206599
1500 215811
845 290219
159 407372
2852 47675
1 1
499 342032
1 1
1364 1947
47 453350
31 459782
2583 88623
700 285268
2094 145301
803 180941
1 1
339 361144
1172 252590
2322 96461
146 417823
3040 20130
1805 70251
2133 140585
1 1
2455 98232
1342 232940
1 1
3427 16462
3306 20951
2141 136298
1358 238366
1023 283898
995 283929
3580 7766
341 145377
492 349735
1 1
1 1
123 435089
120 437043
1111 273259
685 284072
1156 264554
69 461644
2149 143523
2960 38112
1 1
1 1
1 1
2079 155857
1379 245393
543 187714
1 1
648 173168
1358 250891
1025 294403
186 434787
3260 15114
730 326351
236 422557
4220 3960
3151 28631
378 397990
1 1
986 306903
1 1
2419 106588
1 1
1 1
479 373128
1 1
2110 155824
1 1
1128 285690
69 482483
3249 21437
62 483562
1147 245870
1059 301964
721 335231
1 1
486 255570
123 462343
2614 86946
3744 5859
1 1
1443 252506
1092 295360
3015 40082
20 503835
1749 204045
47 501059
1 1
4170 5306
2272 138084
2392 121728
1819 205918
1 1
1 1
178 457071
1 1
1 1
453 401268
1 1
2228 143655
3511 13800
23 519404
2842 55773
2760 60008
1 1
1 1
4075 4067
2108 164159
1 1
378 251576
2920 51989
3063 32056
2175 157018
34 345055
863 279829
283 438438
3427 12524
564 356270
3689 9982
1 1
492 398697
346 423101
1 1
1 1
996 331960
2130 158742
1 1
879 347481
476 409209
1856 107253
664 375537
1466 74101
716 93519
1126 303501
776 350262
575 354416
1602 233864
961 342527
1 1
2389 48719
2572 102335
408 429737
2820 57318
1 1
1601 233623
1117 171490
153 208074
549 396077
1 1
1 1
1375 4771
1 1
69 526306
3986 865
3694 4841
936 352468
370 444228
492 137702
86 523056
3052 36503
1 1
553 399118
2818 58679
420 430067
2639 81150
2054 172208
1052 194192
476 419273
3163 27260
549 402296
732 368437
1083 320580
2977 41270
1 1
1431 267578
1053 332993
2794 55374
811 84198
67 535848
1 1
1 1
1 1
1520 64882
690 380076
191 485488
1795 227139
2415 125171
452 433606
1 1
2201 46588
176 494367
1082 328283
2168 164181
2327 18890
2050 171706
1 1
1213 299972
2354 18028
1 1
2586 98291
1964 178248
1119 318471
746 87865
1 1
2572 103520
2665 79835
542 396391
453 155274
2703 67069
2007 152158
99 534690
1 1
1502 257701
2693 46060
3072 30296
1 1
620 337009
1427 274728
577 128343
880 330607
2151 162965
487 436369
443 439097
1 1
69 548969
1 1
802 89821
2018 83179
953 357670
1675 234714
1201 28985
394 457888
316 191700
1068 336836
1184 318521
1519 256210
1 1
549 423453
1 1
1912 189178
1 1
778 91405
2110 162486
1 1
587 415796
596 125377
1912 189177
685 394375
1 1
1 1
305 192500
25 571529
564 364558
1 1
4457 524
1171 34469
640 416325
1 1
1559 252826
1878 92519
488 442884
1568 221221
476 448943
2588 89632
547 429692
1960 187010
1855 211871
1 1
1 1
50 567471
2782 49948
301 476396
1430 232764
552 429561
2109 168544
1503 264181
1785 233753
1556 255391
652 124254
455 445336
3311 2413
1 1
3222 10573
889 91678
988 172494
986 369474
1856 146652
1 1
1449 284160
93 555109
2141 143533
17 577092
872 381980
11 577555
2690 65616
2725 57984
1 1
2080 178270
1 1
1024 362985
2530 101104
1 1
653 223035
18 580894
570 428755
70 564556
2516 107417
2214 152699
2410 121186
2378 110007
1 1
65 566704
2417 109288
1018 366749
2061 181131
1181 330334
1 1
1 1
2571 97331
1 1
1 1
1 1
1 1
1996 178396
1692 240036
2213 147086
187 524675
1 1
3222 7383
1534 258281
57 575673
1775 234803
302 203253
1382 298180
721 397314
1 1
1602 101581
1 1
582 131838
1 1
68 578533
1622 248532
503 152715
2710 61934
1320 7180
734 203648
835 391663
3937 5719
2556 92216
2149 169378
3474 8198
654 430292
3672 1377
1265 324169
2344 137458
822 400367
163 420603
1 1
437 481154
1 1
230 526528
1380 255299
109 567143
3402 5512
1 1
297 507344
1908 203975
528 456203
1216 326265
569 446777
2033 182250
1037 374277
3466 257
4 609422
1 1
1599 262445
429 456467
380 491752
2536 99643
2702 58750
2341 129538
2158 10610
963 390563
1 1
61 590245
242 216825
2759 52221
633 438731
738 253325
31 299909
1 1
1678 251528
438 480204
1 1
2896 39786
2071 131143
2324 133098
330 509255
484 165990
3014 22997
351 417427
1 1
1154 302594
4005 1692
1 1
2366 127956
61 595982
2857 38943
564 451361
16 615106
858 198385
1615 55281
3208 5983
9 307034
2213 153244
2623 83188
1608 265464
1 1
640 447434
150 535659
2291 97458
1501 202491
100 585823
1 1
3181 7852
1545 280171
362 515111
380 194340
144 567889
1 1
50 611830
1602 273329
1 1
676 118568
1 1
958 401163
225 546027
881 283598
181 555941
2047 177955
1698 259531
317 525609
32 623214
463 486127
1140 356914
1470 299193
905 402614
1051 60165
1 1
1143 352787
360 305776
314 527093
1776 248895
1754 143890
328 520270
780 412148
1 1
517 340934
4442 1118
1317 10024
2560 93279
917 361253
2347 43287
1 1
2366 117135
2163 172172
908 414155
73 615643
151 578259
1 1
1031 392916
1807 118059
484 493988
1619 271572
2526 103508
567 144849
647 290535
1516 296145
1 1
1261 21171
1 1
152 586460
1489 300614
2096 188490
1539 202295
1 1
1534 297798
2011 205586
180 589452
2111 182767
569 483292
903 432032
102 621259
1 1
2499 16350
1337 248441
665 465708
151 599246
1 1
377 208704
1908 228094
2295 157286
1 1
1459 324594
1822 238170
2513 106355
242 543195
78 584469
3657 3155
3134 11338
2976 24530
859 437591
1356 348239
1297 24917
686 462025
1223 29402
1724 272542
2540 107059
1581 292959
1960 214897
3292 9209
2275 101745
334 556018
130 612028
1 1
1125 387153
1037 279375
1334 350382
1187 380599
1 1
2890 50910
762 452343
3486 6310
961 439206
1 1
971 432704
1247 370701
1 1
62 652779
537 487351
2101 191350
83 645529
1649 287709
1 1
2005 177823
1575 296978
10 674928
1 1
1237 373633
1667 288747
1 1
2039 206599
645 141786
954 211958
736 454441
1467 323819
1 1
438 437676
682 470049
1835 251842
327 568240
606 351329
1 1
2542 110534
1737 278201
1348 10255
1 1
407 545764
242 247140
1334 351037
439 537555
1410 975
65 663471
1 1
440 189452
370 559896
75 659962
445 540283
1773 283168
1390 213137
1584 234340
16 690501
1139 223346
1 1
2695 72077
974 93998
2613 21607
479 536409
2298 134569
61 669528
2610 91136
2546 108000
243 599869
2271 118708
930 382454
285 352592
1545 311507
94 660195
1776 283525
1124 394988
1 1
270 419446
1014 91681
1663 173990
985 441160
549 516306
1 1
491 535859
1278 372058
1 1
1795 271431
2920 31685
1 1
1217 310124
303 584652
377 529344
2912 39789
2642 9657
1 1
2325 147529
2527 109301
2086 202185
1562 271589
1 1
606 497824
178 625852
371 337771
2990 16009
2061 103730
311 591894
1 1
2554 98543
530 344499
582 492644
49 688727
1355 5274
2181 152551
2735 53144
886 462794
164 634482
2312 139442
1947 218335
1 1
101 664988
1144 400889
1 1
2296 154063
580 407737
323 598619
2091 138798
1675 276519
182 635288
2176 186396
2404 26062
1414 349441
1 1
495 542619
554 522711
556 493856
1706 289117
230 624741
1518 259521
