774 330
494 330
348 330
571 330
410 330
23 330
772 330
102 330
866 330
501 330
759 330
568 330
771 330
623 330
516 330
418 330
601 330
369 330
582 330
292 330
524 330
140 330
259 330
482 330
848 330
303 330
83 330
974 330
591 330
217 330
685 330
375 330
911 330
679 330
650 330
751 330
977 330
45 330
622 330
899 330
107 330
689 330
85 330
729 330
470 330
297 330
766 330
914 330
865 330
367 330
863 330
919 330
502 330
70 330
32 330
897 330
6 330
707 330
947 330
839 330
581 330
780 330
160 330
246 330
306 330
71 330
245 330
453 330
898 330
356 330
126 330
966 330
136 330
218 330
969 330
871 330
408 330
38 330
593 330
725 330
12 330
203 330
587 330
312 330
271 330
122 330
586 330
726 330
388 330
362 330
569 330
307 330
682 330
764 330
846 330
156 330
237 330
790 330
769 330
820 330
364 330
570 330
347 330
197 330
436 330
400 330
717 330
457 330
182 330
858 330
44 330
103 330
421 330
649 330
624 330
108 330
240 330
541 330
651 330
937 330
280 330
762 330
462 330
497 330
535 330
196 330
718 330
24 330
338 330
274 330
687 330
157 330
779 330
261 330
618 330
600 330
228 330
678 330
533 330
499 330
613 330
819 330
487 330
178 330
597 330
209 330
291 330
289 330
926 330
11 330
965 330
998 330
464 330
88 330
50 330
691 330
951 330
922 330
398 330
728 330
936 330
5 330
746 330
796 330
893 330
847 330
49 330
964 330
463 330
845 330
727 330
720 330
806 330
69 330
225 330
257 330
976 330
713 330
925 330
664 330
84 330
194 330
474 330
425 330
730 330
631 330
485 330
944 330
143 330
53 330
99 330
353 330
181 330
216 330
828 330
211 330
821 330
72 330
233 330
592 330
542 330
21 330
765 330
739 330
795 330
699 330
953 330
475 330
266 330
838 330
706 330
190 330
411 330
220 330
917 330
397 330
642 330
902 330
744 330
559 330
327 330
438 330
25 330
262 330
529 330
738 330
653 330
760 330
176 330
903 330
153 330
145 330
130 330
374 330
801 330
275 330
551 330
547 330
434 330
207 330
507 330
129 330
263 330
132 330
322 330
149 330
115 330
52 330
105 330
864 330
109 330
753 330
412 330
325 330
320 330
118 330
368 330
747 330
681 330
1 330
177 330
62 330
231 330
343 330
537 330
335 330
384 330
75 330
116 330
703 330
572 330
363 330
191 330
714 330
884 330
603 330
958 330
888 330
361 330
825 330
459 330
792 330
199 330
371 330
967 330
204 330
861 330
468 330
112 330
512 330
409 330
627 330
174 330
447 330
230 330
422 330
313 330
712 330
104 330
175 330