102 835
439 835
148 835
695 835
346 835
603 835
19 835
566 835
877 835
589 835
893 835
609 835
473 835
586 835
659 835
811 835
129 835
337 835
537 835
493 835
948 835
960 835
538 835
752 835
241 835
181 835
958 835
704 835
447 835
59 835
348 835
499 835
390 835
680 835
942 835
278 835
911 835
934 835
163 835
434 835
564 835
746 835
501 835
156 835
851 835
583 835
839 835
466 835
563 835
272 835
807 835
670 835
377 835
823 835
926 835
394 835
485 835
825 835
198 835
885 835
471 835
392 835
103 835
462 835
850 835
254 835
806 835
598 835
542 835
47 835
91 835
902 835
223 835
359 835
772 835
475 835
888 835
669 835
988 835
265 835
930 835
865 835
309 835
1 835
157 835
380 835
349 835
352 835
703 835
321 835
774 835
134 835
918 835
293 835
844 835
864 835
236 835
448 835
891 835
656 835
