883 8
265 8
461 8
298 8
710 8
729 8
957 8
965 8
492 8
441 8
165 8
131 8
650 8
740 8
757 8
983 8
472 8
173 8
149 8
190 8
320 8
848 8
907 8
372 8
459 8
816 8
767 8
808 8
306 8
886 8
488 8
479 8
339 8
959 8
456 8
200 8
584 8
914 8
712 8
781 8
786 8
933 8
254 8
167 8
503 8
334 8
113 8
689 8
312 8
851 8
823 8
892 8
648 8
771 8
47 8
322 8
335 8
39 8
428 8
655 8
462 8
739 8
791 8
81 8
561 8
208 8
618 8
742 8
152 8
80 8
293 8
672 8
941 8
922 8
842 8
404 8
670 8
126 8
934 8
562 8
98 8
146 8
267 8
921 8
803 8
982 8
873 8
385 8
260 8
756 8
970 8
960 8
733 8
96 8
158 8
19 8
276 8
357 8
139 8
567 8
558 8
850 8
304 8
642 8
471 8
901 8
895 8
930 8
988 8
405 8
822 8
233 8
623 8
863 8
219 8
458 8
537 8
755 8
955 8
292 8
310 8
34 8
588 8
213 8
188 8
608 8
714 8
436 8
992 8
327 8
702 8
261 8
897 8
351 8
663 8
235 8
176 8
124 8
929 8
764 8
546 8
624 8
597 8
870 8
321 8
45 8
13 8
612 8
443 8
88 8
377 8
680 8
692 8
530 8
191 8
705 8
520 8
474 8
981 8
369 8
657 8
738 8
63 8
201 8
737 8
263 8
135 8
820 8
498 8
118 8
142 8
974 8
253 8
797 8
685 8
911 8
392 8
178 8
115 8
864 8
99 8
401 8
636 8
709 8
849 8
258 8
513 8
411 8
603 8
577 8
527 8
613 8
285 8
280 8
255 8
294 8
453 8
805 8
18 8
673 8
295 8
940 8
691 8
728 8
7 8
454 8
694 8
438 8
76 8
906 8
996 8
345 8
100 8
108 8
867 8
376 8
866 8
967 8
664 8
121 8
876 8
365 8
51 8
943 8
279 8
734 8
585 8
766 8
69 8
105 8
857 8
20 8
649 8
421 8
918 8
117 8
333 8
568 8
884 8
854 8
760 8
58 8
209 8
550 8
446 8
640 8
478 8
427 8
979 8
535 8
800 8
639 8
524 8
192 8
78 8
994 8
5 8
112 8
364 8
855 8
425 8
580 8
518 8
646 8
4 8
668 8
399 8
652 8
986 8
356 8
976 8
841 8
348 8
632 8
154 8
27 8
125 8
844 8
551 8
55 8
90 8
24 8
476 8
749 8
630 8
207 8
330 8
128 8
845 8
882 8
615 8
634 8
286 8
625 8
916 8
759 8
778 8
746 8
723 8
665 8